0.5 8
0.5 20
0.6 19
0.7 20
0.8 19
0.9 20
1.3 8
1.3 20
1.4 19
1.5 20
1.6 22
1.7 24
1.8 22
1.9 24
2.0 25
2.1 15
2.1 27
2.2 26
2.3 27
2.4 26
2.5 27
2.9 15
2.9 27
3.0 26
3.1 27
3.2 28
3.3 29
3.4 27
3.5 25
3.6 24
3.7 15
3.7 22
3.8 21
3.9 22
4.0 24
4.1 25
4.2 24
4.3 22
4.4 20
4.5 15
4.5 19
4.6 20
4.7 22
4.8 20
4.9 19
5.0 15
5.1 17
5.2 19
5.3 8
5.3 20
5.4 8
5.5 8
5.7 8
6.0 8
6.3 8
6.3 20
6.3 24
6.7 8
6.7 22
6.9 8
6.9 20
7.1 8
7.1 15
7.3 8
7.3 20
7.5 8
7.5 24

7.7 8
7.7 20
7.7 24
7.7 27

8.1 15
8.1 25
8.3 8
8.3 24
8.5 15
8.5 20
8.7 8
8.7 24
8.9 15
8.9 27
9.1 8
9.1 24
9.1 27
9.1 32
9.6 8
9.6 25
9.6 31
10.1 20
10.1 29
10.3 8
10.3 24
10.3 27
10.5 20
10.5 32
10.7 8
10.7 25
10.7 31
10.9 20
10.9 29
11.1 8
11.1 27
11.3 20
11.3 32
11.5 8
11.5 25
11.5 31
11.7 20
11.7 29
11.9 8
11.9 12
11.9 27
12.3 13
12.3 25
12.8 15
12.8 24
13.2 15
13.2 22
13.6 8
13.6 12
13.6 20
14.0 -1
